351
329
334
350
354
354
360
411
347
355
409
187
319
336
350
371
382
374
347
359
366
371
374
384
421
346
352
591
168
316
340
359
375
371
347
328
336
344
347
358
393
323
331
592
170
315
337
359
378
381
356
347
360
366
369
401
394
347
354
694
311
341
360
376
385
378
345
346
355
354
352
384
375
328
332
695
285
316
335
350
363
366
337
332
352
354
351
360
389
390
351
356
696
308
334
353
373
385
381
348
347
358
366
364
364
366
400
365
340
335
638
303
326
341
357
370
361
328
333
340
343
343
347
347
363
402
330
342
569
150
316
345
363
384
384
366
346
353
367
367
363
366
366
367
405
378
345
339
688
307
329
351
370
379
371
332
334
341
345
342
346
345
374
376
326
332
692
251
319
341
358
378
380
357
344
353
364
360
361
366
406
369
349
346
577
319
337
355
375
383
368
340
341
350
352
351
350
351
386
368
325
331
695
295
316
336
355
372
369
334
337
350
359
358
360
361
396
395
340
347
694
290
328
350
368
385
387
354
343
356
358
357
357
358
354
383
374
322
328
693
291
314
334
354
371
373
334
335
347
350
352
354
357
405
349
341
364
323
321
346
363
379
397
392
382
385
388
386
374
380
400
317
317
662
200
292
319
335
361
358
334
320
330
335
336
338
344
396
320
323
375
161
300
328
347
375
383
373
346
354
361
360
362
360
375
411
332
346
553
161
326
344
359
380
390
364
340
355
357
357
354
354
364
389
324
333
683
228
309
332
344
367
370
347
338
345
352
352
353
399
330
330
360
197
311
331
351
372
382
367
350
358
367
369
370
373
417
334
341
544
163
310
327
344
360
367
346
325
334
340
343
347
345
390
314
322
404
139
308
333
349
377
393
369
349
353
360
364
358
361
388
394
344
351
693
275
328
344
360
377
380
350
336
347
349
351
349
391
348
327
326
415
303
321
340
360
375
365
338
341
351
353
353
380
396
335
336
692
269
325
342
363
388
390
360
342
354
358
358
355
389
369
325
331
694
296
312
332
356
371
374
335
334
345
344
344
350
382
372
326
340
694
306
329
348
371
391
394
354
351
364
367
365
394
389
334
336
694
295
320
338
357
368
374
335
334
338
340
376
352
316
306
585
290
317
333
352
363
369
349
357
363
392
398
338
340
695
284
323
341
355
372
371
354
357
365
373
414
328
335
592
157
304
318
337
352
350
337
330
342
347
373
376
321
326
695
288
314
334
354
362
365
347
350
364
362
369
418
335
338
445
127
326
349
370
374
367
363
351
351
348
348
379
381
323
332
695
279
314
330
344
348
349
339
331
338
340
334
383
321
323
356
229
313
335
366
381
377
373
353
364
363
362
360
410
332
338
429
140
313
332
346
358
351
346
325
334
338
344
383
297
316
519
130
299
325
346
361
356
348
339
353
357
356
403
352
335
349
349
314
339
355
371
372
366
345
354
357
358
357
400
337
327
349
246
304
324
343
361
354
348
330
337
345
343
346
383
379
338
344
695
300
326
347
365
373
367
352
346
361
363
357
371
400
326
333
673
218
317
337
350
363
361
344
332
340
347
344
347
385
347
323
316
492
299
321
344
369
370
362
337
345
360
357
359
360
393
393
346
347
695
304
334
349
369
382
372
343
335
346
352
349
348
352
391
344
328
339
370
307
326
345
361
366
356
330
334
346
350
347
353
384
377
331
342
694
308
333
352
371
379
375
347
347
355
357
354
358
394
381
330
336
693
294
318
335
356
361
361
326
325
338
340
343
342
350
397
322
333
434
125
313
338
357
375
381
362
339
349
361
363
366
366
381
412
336
346
689
219
318
339
359
370
368
339
328
333
338
339
343
395
312
321
421
133
303
329
350
359
369
357
338
350
354
358
381
402
335
342
693
261
325
345
361
373
377
347
337
348
355
351
356
401
323
331
575
151
303
326
342
362
359
338
325
341
348
346
348
387
376
331
337
695
307
330
352
368
378
378
347
348
361
361
357
357
369
412
331
339
539
138
309
329
344
354
354
339
320
332
336
338
334
330
359
382
318
332
692
251
318
338
360
370
371
346
338
349
357
360
364
364
401
389
342
343
694
293
319
339
365
383
370
336
340
334
343
344
344
375
355
327
325
689
301
325
336
356
365
355
324
333
347
351
346
352
389
346
331
333
484
311
335
355
369
378
361
340
342
352
361
360
377
396
331
328
694
247
313
324
342
362
364
320
315
335
338
335
345
391
317
319
541
152
306
331
348
370
377
355
340
349
362
360
384
